0.0 	100.1
0.00001
0.00002
0.00003
0.00004
0.00005
0.00006
0.00007
0.00008
0.00009
0.0001
0.0002
0.0003
0.0004
0.0005
0.0006
0.0007
0.0008
0.0009
0.001
0.0015
0.002
0.0025
0.003
0.0035
0.004
0.0045
0.005
0.006
0.007
0.008
0.009
0.010
0.011
0.012
0.013
0.014
0.015
0.0155
0.016
0.0165
0.0170
0.0175
0.0180
0.0185
0.0190
0.0195
0.020
0.021
0.022
0.023
0.024
0.025
0.03
0.04
0.05
0.06
0.07
0.08
0.09
0.1
0.2
0.3
0.4
0.5
0.6
0.7
0.8
0.9
1.0
100.2 ! to stop
